-1.5000000000 -9.099666828413767 -8.2994070487691012 -9.0978009162120586 -8.3004171331516385
-1.4950000000 -11.603893752079626 -7.1536938241418078 -11.603237262712948 -7.1546691900647685
-1.4900000000 -13.587070778403934 -6.1060654347792065 -13.585726854518287 -6.1075129975915203
-1.4850000000 -14.803392669305602 -4.717778889660039 -14.801946138280734 -4.7191306968961628
-1.4800000000 -16.194578465974402 -3.1731363725011019 -16.193967086783569 -3.1745858793190664
-1.4750000000 -16.6218228171427 -1.810000884396757 -16.62211963094331 -1.8111770708944055
-1.4700000000 -16.554717708005832 -0.14475863159074845 -16.553743790296057 -0.14590416425093766
-1.4650000000 -16.50624651247584 1.4036513337308834 -16.50633454354832 1.4023768705619069
-1.4600000000 -15.272587242452548 2.7392908710867201 -15.272437409864605 2.7380474426084551
-1.4550000000 -14.106799789514199 4.3066968119950468 -14.107393672323088 4.3055195568732216
-1.4500000000 -12.578738132982918 5.3990894022057656 -12.579596940094579 5.3981814170170708
-1.4450000000 -10.139059290277023 6.4641127132680278 -10.139760901632792 6.4634738746974838
-1.4400000000 -8.1456031441542009 7.4746769683867171 -8.1470097739071754 7.4741070438967085
-1.4350000000 -5.4878074785413213 7.9057225245656895 -5.488944912236267 7.9052817887053326
-1.4300000000 -2.5150158811494747 8.4375013107470007 -2.5169167279710569 8.4367954121118309
-1.4250000000 -0.11997090661829125 8.6251111058143639 -0.12156349837031459 8.6246582983409183
-1.4200000000 3.0544795279922652 8.3577202114254359 3.053389812612163 8.3572700493050949
-1.4150000000 5.7244969136514028 8.2325847041581319 5.7230659252945593 8.2323530745725169
-1.4100000000 8.1160736852912674 7.5001322382566418 8.115362892257945 7.4999001580685434
-1.4050000000 10.907701509861631 6.6794629962648635 10.908109396266198 6.6794183605791488
-1.4000000000 12.733371549234334 5.8279385564024508 12.732253128840265 5.8278927435073111
-1.3950000000 14.551933794973953 4.4254395159029061 14.551929705023156 4.4254760521773369
-1.3900000000 16.250509989431798 3.1981672104723518 16.250529865297636 3.1982725366191187
-1.3850000000 16.825569555616681 1.7935630469127908 16.82593195652748 1.7936007191655798
-1.3800000000 17.618584910865419 0.096029253542365217 17.619331551073838 0.096424913757345521
-1.3750000000 17.652079966651218 -1.2663191721100528 17.652774506728722 -1.2660737971003699
-1.3700000000 16.954167905840308 -2.9129950484017524 16.955294234221547 -2.9123985053058523
-1.3650000000 16.326081592628746 -4.4260060365635487 16.327659337946553 -4.4257321743943141
-1.3600000000 14.755731022827675 -5.6533213471148427 14.75730672404544 -5.6530137609404898
-1.3550000000 12.856402969720287 -7.0268155572664295 12.857476830892821 -7.0267043241067695
-1.3500000000 10.937691141016451 -8.033500639881419 10.938520316382951 -8.033793877126076
-1.3450000000 8.1378706709301127 -8.7691700841979667 8.1391105007473374 -8.7694422700679926
-1.3400000000 5.4923844472364944 -9.5247836460781947 5.4944708487575875 -9.5253351394644934
-1.3350000000 2.7258517306744086 -9.7437986178674016 2.7268378775750137 -9.7443178165421003
-1.3300000000 -0.4711081817501897 -9.816128029183778 -0.46987141842021479 -9.8172123157153415
-1.3250000000 -3.2374343525201184 -9.7061196031291761 -3.2351801201452353 -9.7070948426753105
-1.3200000000 -6.0337764327721839 -9.1075394250536803 -6.032956248853135 -9.1086677138761782
-1.3150000000 -8.8754363251389119 -8.4371570117187371 -8.8734594408737699 -8.4378031314398427
-1.3100000000 -10.965931411010486 -7.5517522292295158 -10.965037815771636 -7.5525717823886662
-1.3050000000 -13.110188382415197 -6.2395715997233587 -13.109260245326936 -6.2403692720957569
-1.3000000000 -14.822662366476077 -5.0849805206104834 -14.821703092826118 -5.0861113318997369
-1.2950000000 -15.708509875497485 -3.6116298672896399 -15.707985460205984 -3.6125285274013166
-1.2900000000 -16.639820412885612 -1.9980473897553299 -16.639367667367193 -1.9988683164686649
-1.2850000000 -16.781171603847742 -0.61818513028367839 -16.782039303733828 -0.61896652980755995
-1.2800000000 -16.302727478057669 1.0530157864452021 -16.30282988420392 1.0522326870951648
-1.2750000000 -15.855678001661087 2.546108839937558 -15.856460148000469 2.5452831233068531
-1.2700000000 -14.384956868937378 3.8042679804944264 -14.38559981388665 3.803467531025841
-1.2650000000 -12.810505965156375 5.2860474596072251 -12.811713665836908 5.2851274990628507
-1.2600000000 -11.033951200849357 6.2259413348041424 -11.034033178912638 6.2252792399863699
-1.2550000000 -8.4072024815999846 7.1419652852699871 -8.409179379195189 7.141298148756289
-1.2500000000 -6.1217608960275758 7.9866981875403225 -6.122238815347802 7.986272556507469
-1.2450000000 -3.4403020656436154 8.2349910855964712 -3.4414977044367614 8.2344899961544833
-1.2400000000 -0.37339230682433044 8.5866807028991499 -0.37436478535950413 8.5862241689825183
-1.2350000000 2.0989685596411483 8.5572770274664141 2.0984982077131424 8.5569888594228356
-1.2300000000 5.105482012540234 8.1089523191854003 5.1055473139206038 8.108646921933941
-1.2250000000 7.7694720307880667 7.8033177868471713 7.7693620789444502 7.8030725868574811
-1.2200000000 9.9966870065814035 6.8798889623679695 9.9962797345190957 6.8795708379198182
-1.2150000000 12.521314830636483 5.9101702202120237 12.52192121318731 5.9103285773286292
-1.2100000000 14.20475449226806 4.9074891078285292 14.204404879216609 4.9076290213828537
-1.2050000000 15.636048275714149 3.4014923058739628 15.636582269909592 3.4017714632807001
-1.2000000000 17.014674339976736 2.0840124451801678 17.014679323658122 2.0842229834402159
-1.1950000000 17.307571313187339 0.59574349005268223 17.30823266294113 0.59607139877521198
-1.1900000000 17.608921987640258 -1.1061023214491876 17.608250186695123 -1.1056319449054313
-1.1850000000 17.345997582674062 -2.4622983753580225 17.346087370140509 -2.4621914097052646
-1.1800000000 16.284579787017599 -4.0711834106793479 16.285021929629448 -4.0709119979127317
-1.1750000000 15.225263339743066 -5.4957165668097678 15.226013893321761 -5.4957288089501191
-1.1700000000 13.414735588705774 -6.6218729967668626 13.416016603513306 -6.6219506270203823
-1.1650000000 11.144702972028197 -7.8477528058034505 11.145963551244458 -7.8479270435743755
-1.1600000000 8.9802344442334405 -8.7002187567129763 8.9809928157657595 -8.7007978759256623
-1.1550000000 6.0671186139552731 -9.2622237859254088 6.0684376774871227 -9.2626343160740099
-1.1500000000 3.1920783945668907 -9.8076396989351977 3.1933386346465653 -9.8082311637165667
-1.1450000000 0.44619820752007472 -9.8170288284689704 0.44673961509246124 -9.8174295149904616
-1.1400000000 -2.7371999635913453 -9.6786126454371111 -2.7365070848822706 -9.6792601561678779
-1.1350000000 -5.502716515394444 -9.3595658757280233 -5.5011751393540784 -9.3600222111059672
-1.1300000000 -8.0659201825883127 -8.5540308758380306 -8.064771585143836 -8.5545782556927499
-1.1250000000 -10.768806922780563 -7.7156460707450769 -10.767836741957536 -7.7160142791134705
-1.1200000000 -12.594362094316518 -6.681257707574213 -12.593966018899883 -6.6818348380894852
-1.1150000000 -14.354427416645002 -5.2301135903243345 -14.354327982916649 -5.2306782925379931
-1.1100000000 -15.830958898913918 -3.9851993212809091 -15.830832676928257 -3.985720603568065
-1.1050000000 -16.274761602384203 -2.4360885003557282 -16.274843627308673 -2.4366467265571976
-1.1000000000 -16.828968202144591 -0.79441508724810017 -16.828976352718033 -0.79509622376588796
-1.0950000000 -16.684847081551528 0.58054627062399611 -16.685718704116411 0.5797190595138163
-1.0900000000 -15.730496505240058 2.2357393541705854 -15.73084832350121 2.2348536563729611
-1.0850000000 -14.994559440900309 3.6363500856357289 -14.994418004542796 3.6356587206451523
-1.0800000000 -13.203798404319434 4.7997355696287194 -13.204578148541025 4.7989734039171053
-1.0750000000 -11.259843218081809 6.1689911823926442 -11.259870860087853 6.1684124995033542
-1.0700000000 -9.3645094597508134 6.9524800568128926 -9.3648313402395154 6.9523013022998397
-1.0650000000 -6.4713303134225502 7.7122865338225921 -6.4723410075079491 7.7118673987398436
-1.0600000000 -4.0294349079905158 8.361149563509823 -4.0302100192487549 8.3608858512352171
-1.0550000000 -1.3756938420317604 8.4274139827241932 -1.37610243937989 8.4270849118933047
-1.0500000000 1.8315120152076487 8.5943101819721281 1.8305883763421111 8.5941684850208944
-1.0450000000 4.2300588410985593 8.3488195179007434 4.2301477651222239 8.3487731740630196
-1.0400000000 7.1305864827227028 7.7252384306602897 7.1303208790638939 7.7252351886744215
-1.0350000000 9.7431087936380294 7.2409470498816972 9.7432080227774041 7.2411268325937126
-1.0300000000 11.660883973164658 6.1578686433974381 11.660824699230975 6.1578866392963807
-1.0250000000 14.002891722546959 5.0443672529448644 14.002987337034853 5.0444999577412126
-1.0200000000 15.428247508255753 3.8938561200601227 15.428146696093846 3.8939950237373151
-1.0150000000 16.421501751805206 2.3138777966142969 16.419991221066635 2.3142130081263748
-1.0100000000 17.552032770042864 0.92465781014470838 17.551982373006656 0.92488971385574947
-1.0050000000 17.459471841420168 -0.6099419722717786 17.459919475639978 -0.60978008910295267
-1.0000000000 17.345963950414131 -2.2930009342745872 17.34636100895019 -2.2929042382932523
-0.9950000000 16.787136195369563 -3.6197513763618354 16.787628788064492 -3.6199018535284204
-0.9900000000 15.273228485060644 -5.1492243892716134 15.274804867495389 -5.1493503890987355
-0.9850000000 13.909126051573965 -6.4791510562930252 13.909741759308202 -6.4792007125900586
-0.9800000000 11.831964262256802 -7.4898541750139653 11.833283593367739 -7.4900943117664891
-0.9750000000 9.2056715745186271 -8.5406972047774534 9.2060630754741322 -8.5406678177074937
-0.9700000000 6.9262667103440219 -9.2223144118582123 6.927609987678542 -9.2226812007473633
-0.9650000000 3.8728903703588289 -9.5899533660202305 3.8743631343588665 -9.5901256705554427
-0.9600000000 0.86433562414465459 -9.9175698035571731 0.86483451563630831 -9.9179187544466689
-0.9550000000 -1.8031769011219589 -9.7117939665745467 -1.8022042983781286 -9.7120081596318624
-0.9500000000 -5.0055853578718885 -9.3674808639131939 -5.0050605777956161 -9.3677982166855891
-0.9450000000 -7.6130100673899932 -8.8582593134045862 -7.6118960144413084 -8.8584890439898025
-0.9400000000 -9.9266536844425115 -7.8628180867898845 -9.9261842266143763 -7.8631007956700021
-0.9350000000 -12.482151669115165 -6.8680542043767119 -12.482251376958372 -6.8683371845597954
-0.9300000000 -13.918623720229352 -5.6984408943441149 -13.918001514582299 -5.6988320797051282
-0.9250000000 -15.359314159628395 -4.1372697840236281 -15.358701091304455 -4.1378514066466137
-0.9200000000 -16.553810958411088 -2.8206130649471191 -16.55372330952849 -2.8211404489407772
-0.9150000000 -16.514625987086866 -1.21806096400827 -16.514143232937315 -1.2185380824368022
-0.9100000000 -16.773734899349613 0.41319331611435745 -16.773287358418262 0.4128827152446054
-0.9050000000 -16.224706642599319 1.7561610668112844 -16.22473808332219 1.7556756426872613
-0.9000000000 -14.845180746273599 3.3703982409193123 -14.844340924265591 3.3699219704104215
-0.8950000000 -13.906981588882505 4.6653662136335186 -13.906900114072451 4.6650911542220772
-0.8900000000 -11.720583912169879 5.7145722408441442 -11.720623130660028 5.7142460484573476
-0.8850000000 -9.5454842583756516 6.9412295627170817 -9.5457807794390988 6.9409340226375589
-0.8800000000 -7.5481423893089445 7.5609596667304011 -7.5485354418915707 7.5611299383365376
-0.8750000000 -4.3765721520098007 8.1505556454247419 -4.3766812359118994 8.1505124932780522
-0.8700000000 -1.9165683856334208 8.5919170155428741 -1.9169978885072136 8.5917270867880511
-0.8650000000 0.80048202514157885 8.4695884428500836 0.80104429865884808 8.4691388958841181
-0.8600000000 4.0685814674510548 8.4555409102232169 4.0686976416235296 8.4554390092637206
-0.8550000000 6.2670730757835678 8.0176565097702692 6.267041684398083 8.0177309618635348
-0.8500000000 9.1381943335465667 7.2119318578179739 9.1378222055442517 7.2119010779291441
-0.8450000000 11.551629713911245 6.5505286960515763 11.552548121870755 6.5506790429231652
-0.8400000000 13.126275014185358 5.3287206419194311 13.125919065480605 5.3287513705757004
-0.8350000000 15.311338081844928 4.0796444534157432 15.31226453099311 4.079632319766616
-0.8300000000 16.363679017897695 2.8106504221002635 16.363613092485277 2.8106279331380293
-0.8250000000 17.012370355037341 1.1718657698901032 17.012639880488173 1.1719709829045895
-0.8200000000 17.852680840874587 -0.25693911671450098 17.852376006061988 -0.2569454111733922
-0.8150000000 17.287449963096847 -1.7908111444085928 17.287939426584273 -1.7910996658366805
-0.8100000000 16.864913639035723 -3.4536349548010308 16.865544575743524 -3.4537314230786387
-0.8050000000 15.934151816461124 -4.7287265689657785 15.934992897768391 -4.7284815380857115
-0.8000000000 13.978156620490319 -6.1485598741871526 13.979347686260455 -6.1482962822298246
-0.7950000000 12.403482071136118 -7.3683264500402146 12.403998716347985 -7.3683137079022005
-0.7900000000 10.02803254099973 -8.2322796998305012 10.029237147188091 -8.2325427629831989
-0.7850000000 7.1599722123581113 -9.0944654197358812 7.159404610092027 -9.0946369043532549
-0.7800000000 4.79505433459813 -9.5823985723658947 4.7964955769068904 -9.582661555117479
-0.7750000000 1.5771690209921172 -9.7420878782664371 1.5775004787046738 -9.7423047110222303
-0.7700000000 -1.4160627314733141 -9.8670817950561638 -1.4150070900274556 -9.8671415550414494
-0.7650000000 -4.0019618664740735 -9.4475795870964419 -4.0011700072061585 -9.4477691459457933
-0.7600000000 -7.182381961675631 -8.9039723215698938 -7.1814023636166038 -8.9045052463026302
-0.7550000000 -9.5108578592452613 -8.2158658245768237 -9.5097660066830407 -8.21620193763186
-0.7500000000 -11.60980314917807 -7.0455037366966229 -11.609287544641978 -7.0455074981252457
-0.7450000000 -13.942758305424526 -5.9102996380370891 -13.942416998320041 -5.9106758544048734
-0.7400000000 -14.957713714606843 -4.6210098623948275 -14.957116556266982 -4.6212801043803635
-0.7350000000 -16.129668644578711 -2.986349091170879 -16.128356005586788 -2.9866410313239817
-0.7300000000 -16.911211935976315 -1.6293714820591483 -16.911042525432958 -1.6294687045772638
-0.7250000000 -16.425531081694611 0.0054400052460744043 -16.424921131429272 0.0049903125243895658
-0.7200000000 -16.428830918811659 1.6017725718636115 -16.428053002715831 1.6015245101796927
-0.7150000000 -15.401438365910495 2.8893202256859176 -15.401401709665553 2.8889937942573085
-0.7100000000 -13.7233039283203 4.4355070965034438 -13.723186541939686 4.4351619527863511
-0.7050000000 -12.580012430333655 5.6074716276349506 -12.580301067095665 5.6069331117911183
-0.7000000000 -10.010509948576582 6.5225519045633886 -10.010285003732101 6.5222341883714012
-0.6950000000 -7.7159585928167393 7.5804020329902464 -7.7163734043608754 7.5799810178836049
-0.6900000000 -5.5180152634972073 8.0180859581085713 -5.5181319268606268 8.0175892338945136
-0.6850000000 -2.1564787223663733 8.4417972806130646 -2.1557757500624541 8.4414705279128235
-0.6800000000 0.22725682830878938 8.6832332968792461 0.22685550037242294 8.6829974973879818
-0.6750000000 3.0693307890289891 8.3615801974090136 3.0692315713916498 8.3613967149239805
-0.6700000000 6.2409005029764844 8.170446506161797 6.2416430921332857 8.1703543392434259
-0.6650000000 8.2107988349394745 7.5478752246808556 8.2109271579854397 7.5478364064262715
-0.6600000000 11.037860536498455 6.5609755951652264 11.037954082089962 6.5608047449463394
-0.6550000000 13.136587494810913 5.7365721645288135 13.136916971740186 5.736375027586452
-0.6500000000 14.460739219575936 4.3798874431901158 14.460862536486234 4.3797114840122662
-0.6450000000 16.419222727980173 3.0321539457929947 16.41932918995532 3.0322393934568592
-0.6400000000 17.026583687695364 1.6863214641816491 17.026527188817436 1.6865096443794128
-0.6350000000 17.416730857275514 -0.010445593996435682 17.417028857005899 -0.010344479048951126
-0.6300000000 17.853900980008497 -1.4467766117698406 17.853899169833532 -1.4468695646902132
-0.6250000000 16.815996452789612 -2.9539412591863607 16.815983708642062 -2.9541878333622993
-0.6200000000 16.127905561898906 -4.5806201470852228 16.128371659689826 -4.5809950514195954
-0.6150000000 14.784336751543474 -5.7712052999612373 14.7854487471247 -5.7710247855337258
-0.6100000000 12.498486216040316 -7.0668268578426154 12.499495232558845 -7.0667404117193975
-0.6050000000 10.716875494224638 -8.1380886960062497 10.717877255503833 -8.1380710564602996
-0.6000000000 8.032647478519694 -8.82862798184523 8.0330129620889288 -8.8289142267946517
-0.5950000000 5.04971385677469 -9.5080304914862346 5.0507166517118662 -9.5080324359160642
-0.5900000000 2.5870581550495135 -9.7867904673156367 2.5884354905951592 -9.7867617572956167
-0.5850000000 -0.74602478759880875 -9.7393066669541017 -0.74516305739809063 -9.7394765520774751
-0.5800000000 -3.6157571727424593 -9.6644220052871361 -3.6150777533145182 -9.6644923097606892
-0.5750000000 -6.1272531928919944 -9.0338997240808609 -6.1257820165201915 -9.0336281753429315
-0.5700000000 -9.1909000668159084 -8.3001375878463115 -9.1905744087133723 -8.3002926629778297
-0.5650000000 -11.212426908446597 -7.4375596558997827 -11.211080705429314 -7.4378179477778303
-0.5600000000 -13.119209784433997 -6.1221173694060571 -13.118697686459713 -6.1219275690177808
-0.5550000000 -15.104105009757136 -4.8729712595059631 -15.103420040011327 -4.8730051988801497
-0.5500000000 -15.706510230803881 -3.4836374971194179 -15.706868945976273 -3.4836119449013183
-0.5450000000 -16.60807958679435 -1.8089405107927266 -16.60782351716135 -1.8090863032560731
-0.5400000000 -16.898896786569459 -0.43152819731149922 -16.898387983056139 -0.43150051200997902
-0.5350000000 -16.059952177921588 1.2098601829492757 -16.060136791162119 1.2092639945366372
-0.5300000000 -15.794151719238901 2.7496959135110983 -15.79280089870298 2.7487874610750893
-0.5250000000 -14.308673166297147 3.9599645247734552 -14.308386571004212 3.9593302621164956
-0.5200000000 -12.42633375386847 5.397640853456446 -12.426667542872151 5.3972154489206012
-0.5150000000 -10.987695397101453 6.4253708646583592 -10.988161273477267 6.4251482711913832
-0.5100000000 -8.1058815646564 7.1996951406185303 -8.1052058747642963 7.1992758595571962
-0.5050000000 -5.7562362515855394 8.0754182181492649 -5.7562630624216355 8.0753556700571281
-0.5000000000 -3.3032615828292218 8.3234575148586494 -3.3031754840159562 8.3231197116834643
-0.4950000000 0.098652635158570867 8.5837860740388088 0.099540957501662405 8.5838729457292366
-0.4900000000 2.3786981198926838 8.6232037658318106 2.3787739581614207 8.6231486604544507
-0.4850000000 5.3066892229669618 8.0999433874369302 5.3071240044363606 8.1001396333690021
-0.4800000000 8.2620145349687899 7.7265522953474104 8.2615947115028874 7.7264582070266137
-0.4750000000 10.077207444346369 6.9173027995597947 10.077233243096858 6.9174427297449972
-0.4700000000 12.782752500367014 5.7793277077525342 12.782649512317784 5.7795161780702102
-0.4650000000 14.510352080473082 4.8156791735903886 14.509947631185902 4.8158521239117951
-0.4600000000 15.65420678254195 3.3311134614977855 15.654340076574954 3.3309911130838734
-0.4550000000 17.259635921904238 1.9208018939631732 17.259119226260918 1.9206879902622831
-0.4500000000 17.408653744204468 0.51861170212050689 17.409272325952234 0.51859861087783243
-0.4450000000 17.547810353806767 -1.2182835075496927 17.54783369901169 -1.2183544075353017
-0.4400000000 17.511624145479527 -2.635924836273257 17.51186778869058 -2.6363028285990708
-0.4350000000 16.094453775849505 -4.1005570590162614 16.095135321362509 -4.100478252599439
-0.4300000000 15.124082339075233 -5.6459207197812713 15.125551370211348 -5.6459733087391983
-0.4250000000 13.367398438754694 -6.7226129466986757 13.367783755710157 -6.7225207878859914
-0.4200000000 10.858812433992387 -7.8856493882444649 10.860109278618424 -7.8856632245420162
-0.4150000000 8.8330363632432718 -8.7792229453839123 8.8335768278094609 -8.7789366577473782
-0.4100000000 5.8872906273098646 -9.2896986003419837 5.8884240082371386 -9.2895572374855266
-0.4050000000 2.8811459834169155 -9.7784896389594866 2.8819526257533505 -9.7784788460009437
-0.4000000000 0.32199367000340184 -9.8409047872188999 0.32354335888307323 -9.8408023039484416
-0.3950000000 -3.023872744046427 -9.5841309706378883 -3.023587970520615 -9.5840338679331669
-0.3900000000 -5.739666481913039 -9.3013191297379016 -5.7391921058322373 -9.3013966333976512
-0.3850000000 -8.1775470562104022 -8.4789591561519462 -8.1769749655165693 -8.4787980180425073
-0.3800000000 -11.004884649162957 -7.5672494212253323 -11.005247642403424 -7.5672187814616318
-0.3750000000 -12.718544344906556 -6.5492580249361465 -12.718611755150102 -6.5494131587506637
-0.3700000000 -14.400991912768671 -5.1226407464925643 -14.401059674097977 -5.1227778767583763
-0.3650000000 -15.939756098174815 -3.774787772977183 -15.938668943013228 -3.7749642143323352
-0.3600000000 -16.18685544819796 -2.3108089732598107 -16.187337925454827 -2.3108175851990236
-0.3550000000 -16.785285504299654 -0.61345772351547234 -16.784808412141018 -0.61359335220081379
-0.3500000000 -16.600045192793736 0.76135486792702167 -16.599916211547175 0.76104587997149153
-0.3450000000 -15.491298211101046 2.3638172847733636 -15.491129828450061 2.3633183090186836
-0.3400000000 -14.871675633119537 3.8304600426608464 -14.871667152197515 3.830143921019431
-0.3350000000 -12.986914794828035 4.9381644390519526 -12.986693773186101 4.9381834324939957
-0.3300000000 -10.938939822938414 6.2358757265340481 -10.939014454400869 6.2358529638209976
-0.3250000000 -9.1405097910134359 7.1139376231004814 -9.1406992395583568 7.1141020260174939
-0.3200000000 -6.0779494127960021 7.741002263249622 -6.0776740440443842 7.7408501016165179
-0.3150000000 -3.6964875701829398 8.4299271602621602 -3.6967459723154827 8.4303088548391614
-0.3100000000 -1.0317727066894158 8.4810654474997182 -1.0312695377964145 8.4813618572556528
-0.3050000000 2.279023866244394 8.5590203128104871 2.2792673157627368 8.559719431444071
-0.3000000000 4.5165427706185586 8.3957219682636914 4.5165403602731544 8.3959752806905659
-0.2950000000 7.4430534145583964 7.6824463119689739 7.4430298645870634 7.6826404371316332
-0.2900000000 10.128020210891806 7.1287605970752441 10.127865851304005 7.1287083679052738
-0.2850000000 11.858942119346441 6.1458399149443563 11.858934264118957 6.1457926060179853
-0.2800000000 14.31366694956812 4.8878055190288281 14.313893230965341 4.8878449981504515
-0.2750000000 15.653736890207401 3.8014742130978569 15.654133220628202 3.8014000733511963
-0.2700000000 16.602413138312652 2.2063155943278852 16.60326481870338 2.2062404159862021
-0.2650000000 17.750917514897218 0.75108393880350899 17.75172996241249 0.75080845209818936
-0.2600000000 17.51353743749624 -0.6888053482767017 17.514399688482595 -0.68872244405890215
-0.2550000000 17.363836582632658 -2.424160411065476 17.364832256449201 -2.4239378484465477
-0.2500000000 16.843013774609446 -3.8001280445959753 16.843142954355301 -3.8000913716283806
-0.2450000000 15.145786467334712 -5.1996286838385855 15.146904851293577 -5.1993851206563289
-0.2400000000 13.832803439456592 -6.6264269743859527 13.833993752135179 -6.6260394683781962
-0.2350000000 11.701708767504414 -7.575422681424028 11.702145439283482 -7.5751201447759149
-0.2300000000 9.0427770236346738 -8.5895534525123942 9.0436112455077353 -8.5894965124238318
-0.2250000000 6.7545769224162884 -9.2908473159757374 6.7554140752842144 -9.2908347701066258
-0.2200000000 3.6588602571442785 -9.6065254903019639 3.659702271034138 -9.6064675695296788
-0.2150000000 0.65891857906092388 -9.8862116280946282 0.65880721103671835 -9.8861394590675555
-0.2100000000 -1.9879962546767449 -9.737770668996383 -1.9877708874352422 -9.7377229015636928
-0.2050000000 -5.225872331601745 -9.266507377995266 -5.2257487194466155 -9.2664654621284708
-0.2000000000 -7.7946374285075564 -8.788212551790771 -7.7941926963889543 -8.7883116656836666
-0.1950000000 -10.104986546798317 -7.8003456489638943 -10.105175194965147 -7.8004515746876848
-0.1900000000 -12.584190887383828 -6.7222501685957488 -12.58403254521993 -6.7223525907237827
-0.1850000000 -14.019194953898587 -5.5731259976432632 -14.019799006807995 -5.5733091954609346
-0.1800000000 -15.406693233886815 -4.0443064914338631 -15.406378957334168 -4.0442779038226488
-0.1750000000 -16.495564186892054 -2.6214750951262258 -16.494894339566496 -2.6215267056144564
-0.1700000000 -16.462739068011043 -1.1213674797141877 -16.461935446163857 -1.121190091498804
-0.1650000000 -16.666768623484291 0.58962080573271825 -16.666311304233808 0.58957751618052479
-0.1600000000 -16.06280732279366 1.920245598811928 -16.062598090604133 1.92012093851909
-0.1550000000 -14.699230014748318 3.4456038298524354 -14.699499164622429 3.4453503580668481
-0.1500000000 -13.644397483151428 4.8274295223212054 -13.64444061403921 4.8273919987611782
-0.1450000000 -11.481528048099969 5.8131756406477573 -11.482288160976729 5.8133196100334716
-0.1400000000 -9.2600679471176139 6.9665052042475786 -9.2600359810000654 6.9664572012796135
-0.1350000000 -7.140651130985491 7.6771549771817789 -7.1406674009347366 7.6774718402498108
-0.1300000000 -4.0395524553131521 8.135811397123037 -4.0390779328080582 8.1358429421202327
-0.1250000000 -1.5655490850777818 8.6402132921860595 -1.5650163006765909 8.6406520125407447
-0.1200000000 1.2086400572829337 8.4827329963730413 1.2086521582987699 8.482692277256481
-0.1150000000 4.3741506876855887 8.3669209001032758 4.3744904520339514 8.3674160686110071
-0.1100000000 6.6429764974102623 8.0109893496871862 6.642682217151024 8.0109365225549478
-0.1050000000 9.4275492822651419 7.1266161940609836 9.4275897933837012 7.1265520601158876
-0.1000000000 11.841490285463028 6.4066698328263341 11.841886703236732 6.4065725767152566
-0.0950000000 13.466454550714053 5.2590757687550278 13.467584580098269 5.2589999183261389
-0.0900000000 15.533526409173511 3.8955045788536262 15.534385317461858 3.8955862739326514
-0.0850000000 16.550275889931111 2.7069912121105433 16.550851459831648 2.7067373282795484
-0.0800000000 17.234399954631787 1.0295105857138094 17.234878216956471 1.0298048990363156
-0.0750000000 17.897018192604961 -0.45290966593619492 17.897977325743625 -0.45270925558034231
-0.0700000000 17.368542348409722 -1.902942016943366 17.369287740255213 -1.9024357157486373
-0.0650000000 16.840265366143388 -3.5961984463959182 16.840094341343544 -3.5959713303436627
-0.0600000000 15.873797033074466 -4.9121404605993666 15.874292338241366 -4.9120572473380397
-0.0550000000 13.944105639741837 -6.2276571992694745 13.944117262568211 -6.2276127300200512
-0.0500000000 12.23716748961226 -7.51314203757057 12.238231415003396 -7.5131074729690779
-0.0450000000 9.8457620834642618 -8.3116164045655996 9.8461544557457863 -8.3117210487420969
-0.0400000000 7.053148379647701 -9.1520979619709397 7.0535469296737352 -9.1523466449125088
-0.0350000000 4.5148981276375739 -9.6518792239022932 4.5159466320742467 -9.6519897531144778
-0.0300000000 1.3959087292996177 -9.7539311946714662 1.3962342270238366 -9.7541344992607719
-0.0250000000 -1.6254933930496405 -9.8227401275766208 -1.6254566509237238 -9.8228127754697674
-0.0200000000 -4.291889482950884 -9.4768438487510451 -4.2925809705469025 -9.4771133609953218
-0.0150000000 -7.3123502022228575 -8.7991889156339305 -7.3116324404720805 -8.7993587143950638
-0.0100000000 -9.7496606540744217 -8.1428447135679836 -9.7499858245767435 -8.1430672195957037
-0.0050000000 -11.815604407827163 -6.992607362044982 -11.815458123527849 -6.9925313498528103
0.0000000000 -13.931663888969783 -5.7694170772928466 -13.931996330960063 -5.7693980764652908
0.0050000000 -15.13421459980443 -4.5132376578183333 -15.133853225129352 -4.5133508407527261
0.0100000000 -16.12107430527735 -2.8865654682831079 -16.121603649352764 -2.8867438522565196
0.0150000000 -16.821589918972936 -1.4338052099910981 -16.821913316184489 -1.4340272123351392
0.0200000000 -16.496825042699854 0.067570051096725273 -16.497356183213853 0.067468487771420074
0.0250000000 -16.221518016614862 1.771179859585138 -16.221781017853733 1.7710715102462105
0.0300000000 -15.301020082519253 3.0274815400394743 -15.300929325533458 3.0274002613872888
0.0350000000 -13.62931500265543 4.4685016001128322 -13.629697768456918 4.4683681929581942
0.0400000000 -12.179141829807271 5.7354955398734484 -12.179353537672954 5.7354004696649197
0.0450000000 -9.8742540304725743 6.5829144500934635 -9.8754163679326989 6.5829404617044389
0.0500000000 -7.4046398647471792 7.5915777036260224 -7.4047504772455213 7.5915263929351733
0.0550000000 -5.0827534991648449 8.1040758083881865 -5.0832083285273919 8.1043680588884559
0.0600000000 -1.9868565319987319 8.3809456394097648 -1.986517600962765 8.3810324096106523
0.0650000000 0.64368577896767742 8.6998196201667195 0.64400670075969979 8.7001698881802714
0.0700000000 3.3747180550605957 8.3393250750568395 3.3753765740617947 8.3391740843149602
0.0750000000 6.4290777590304611 8.0393578228887517 6.4291398198071406 8.0395558139288408
0.0800000000 8.6877764812382967 7.486088686099917 8.6884454780145539 7.4859017336379488
0.0850000000 11.179266112867721 6.4469734683896034 11.179396634042455 6.4468690057216165
0.0900000000 13.393038109439686 5.5766320473358082 13.393400172879813 5.5766995528403447
0.0950000000 14.810334822727423 4.2749951285366325 14.810706569549978 4.2750626885522216
0.1000000000 16.448393150814976 2.8237525128344774 16.448660313677117 2.8240306702845905
0.1050000000 17.221172768702083 1.5564350749531048 17.221425948546639 1.556237054657214
0.1100000000 17.523817093460291 -0.16416775960059704 17.524195785366814 -0.16411700604776588
0.1150000000 17.754719770971985 -1.6534809369798429 17.75553471751574 -1.6535561463835036
0.1200000000 16.94563139767256 -3.0987733249647622 16.945704921906149 -3.0985836721850886
0.1250000000 15.948893851349892 -4.7178423351044971 15.94803758278268 -4.7177898376990388
0.1300000000 14.654990812896525 -5.9512827669345558 14.655262626890025 -5.9513084695058041
0.1350000000 12.47956382349142 -7.1579749461326339 12.479573528298266 -7.1582636793710188
0.1400000000 10.392510855132858 -8.2780764018758557 10.392482075900288 -8.2783589442286232
0.1450000000 7.8602973889425369 -8.9006580892581155 7.8607276781052109 -8.9009590712504014
0.1500000000 4.8865643302899482 -9.5474960662193329 4.8865136677246017 -9.5477898791484339
0.1550000000 2.1864003803389624 -9.8455227734725703 2.1867327053838768 -9.84542225264628
0.1600000000 -0.87610196375250449 -9.7361545476607052 -0.87617594411945032 -9.7361860403927576
0.1650000000 -3.9377567914228817 -9.5985145027643899 -3.9383746094219179 -9.598503489085509
0.1700000000 -6.4715223073983807 -9.0572306807397815 -6.4719954631772687 -9.0575070671405982
0.1750000000 -9.2532358504856642 -8.1874961263558035 -9.2539012542112005 -8.1877803623853893
0.1800000000 -11.562982931742049 -7.3614110361701455 -11.564097791633479 -7.3615665046653982
0.1850000000 -13.268608569085128 -6.0512415270131523 -13.269583515414622 -6.0511773976426237
0.1900000000 -15.083992919816016 -4.7184367390055177 -15.08484854140006 -4.7187267098610741
0.1950000000 -16.000678312731868 -3.3816705280330219 -16.000237071075492 -3.381941600288223
0.2000000000 -16.516453887279702 -1.6836093697880921 -16.516794096205317 -1.6839421664580743
0.2050000000 -16.907504361933121 -0.23468520538437618 -16.907700482154414 -0.23474843563497177
0.2100000000 -16.187936995966368 1.2520359957540983 -16.187989057043787 1.2518325393819911
0.2150000000 -15.481025092157155 2.9127533510735359 -15.481248783994804 2.9125990886410875
0.2200000000 -14.34278895091211 4.0818287021070878 -14.343905377354535 4.082039262968574
0.2250000000 -12.285276163885401 5.4288087241920469 -12.285283277324616 5.4290005777538388
0.2300000000 -10.566817091378164 6.5413415218061299 -10.567617124222654 6.5414826348035158
0.2350000000 -8.1276971432787128 7.2372753280408446 -8.1276613799567006 7.2374501358716659
0.2400000000 -5.3731334549972942 8.0887365220118994 -5.3731813977583016 8.0887697562308016
0.2450000000 -2.9999620196147343 8.3972402448691703 -2.999680139144318 8.3973540380389107
0.2500000000 0.15962399682336709 8.4924407194444047 0.15911925085952067 8.4923763766912277
0.2550000000 2.8744613692691674 8.6118289141575257 2.8739748004148145 8.6120559101628906
0.2600000000 5.4210779371049238 8.0654157236621113 5.4205514008915614 8.0655969355353214
0.2650000000 8.438969544443923 7.5847776913308032 8.4387295629207504 7.5849013544509072
0.2700000000 10.552566329090315 6.8301611691435422 10.552373087634983 6.8299354701279977
0.2750000000 12.726179123438881 5.6536109573052293 12.726149338801211 5.653416507936825
0.2800000000 14.785601653727506 4.6476164556562791 14.784962377036402 4.6476673422780399
0.2850000000 15.860710634033184 3.2270719786449815 15.860360353849018 3.2270548779140933
0.2900000000 17.145861492762315 1.7045088059806528 17.146271240833617 1.7047214680763365
0.2950000000 17.635157741343104 0.3711243264717678 17.634477765239723 0.37093342547792157
0.3000000000 17.449891268397998 -1.3533235824426448 17.450173700999606 -1.3530792718355855
0.3050000000 17.357533494494255 -2.8357729247018835 17.357885474555122 -2.835753604221245
0.3100000000 16.210633400441285 -4.2544747186518883 16.210697707019325 -4.2541784037601378
0.3150000000 14.762022497869264 -5.7669178455506946 14.760884751437716 -5.7667482020984018
0.3200000000 13.238552280974462 -6.8903656850782253 13.238679615034579 -6.8902856887864692
0.3250000000 10.757448959875582 -7.9531049013766086 10.757734015441356 -7.953197955551297
0.3300000000 8.3949758641062768 -8.8973452581166832 8.3944181029596852 -8.8974391550731688
0.3350000000 5.7559003685972856 -9.3355166291672784 5.7563386037400983 -9.3355193820751463
0.3400000000 2.5724059374548509 -9.7764265973739697 2.5724539000013542 -9.7765334476418051
0.3450000000 -0.12530223540189095 -9.8766426505299449 -0.12516085491078163 -9.8763154186801572
0.3500000000 -3.1202088857184549 -9.559127918448322 -3.1213635427923001 -9.5593261820509294
0.3550000000 -6.1848033269813181 -9.211157512338362 -6.1855227348407098 -9.2112071103508057
0.3600000000 -8.4680819557963609 -8.474102161667453 -8.468715752248924 -8.4743243494435738
0.3650000000 -11.060356190565551 -7.430713429345194 -11.06023157943841 -7.4308940395800089
0.3700000000 -13.151826217451001 -6.4535428805515824 -13.151954852948277 -6.4537560238171174
0.3750000000 -14.449867957347811 -5.0051236383281932 -14.450042848689147 -5.005375404099162
0.3800000000 -16.012177717000679 -3.5944067416456842 -16.012029527152713 -3.5946518451846368
0.3850000000 -16.503885933375809 -2.2015465052930123 -16.502962288465774 -2.2016400923922737
0.3900000000 -16.595596587501927 -0.46407788512239573 -16.595019419698104 -0.46403716178537668
0.3950000000 -16.728876186906884 0.9664182423448312 -16.729247984133067 0.96666445947096613
0.4000000000 -15.539127140925237 2.4189888883692499 -15.538581357451445 2.4191903727661495
0.4050000000 -14.522254454683285 3.9965695111941844 -14.522959731474412 3.9965561954682816
0.4100000000 -13.132185636029998 5.0609053810699329 -13.132700143085119 5.0610957795330691
0.4150000000 -10.683896364456785 6.2943884612655712 -10.684701553975374 6.2944021865106636
0.4200000000 -8.8246005385390678 7.2358080709981278 -8.8247669863397338 7.2359485093376419
0.4250000000 -6.1508462105258292 7.7677146247441566 -6.15167508303918 7.7676650876529942
0.4300000000 -3.2155187942606567 8.4482744761973869 -3.2152451960547066 8.4482928183180821
0.4350000000 -0.90570099463117326 8.5640130536047661 -0.90609452992193407 8.564007739461621
0.4400000000 2.37762839505986 8.4666349618726873 2.3767720815371631 8.4664924918913247
0.4450000000 5.0262297665992994 8.3744088179295506 5.0258263941697043 8.3743636521640568
0.4500000000 7.3911986834302139 7.6508131469602434 7.390700088030222 7.6507429938771292
0.4550000000 10.375077308633568 6.9962986246627521 10.374908548169662 6.9962597195110217
0.4600000000 12.20879071785604 6.0671152990653043 12.207775873177765 6.0670347238856017
0.4650000000 14.163996956065299 4.7601086701778392 14.165351351377856 4.7602256510294483
0.4700000000 15.982587726898766 3.635936194189779 15.982015295212822 3.6361593367666338
0.4750000000 16.610311416843786 2.1371079138359375 16.610478596586553 2.1372255704675922
0.4800000000 17.627620715105433 0.54488617141195661 17.627580968900322 0.54513403129811611
0.4850000000 17.731033344094119 -0.83512357380903157 17.730760662058067 -0.83475209464479017
0.4900000000 17.082145056956701 -2.5328704141932699 17.081456750080896 -2.5320951339159978
0.4950000000 16.720536029052578 -3.9822426454937654 16.720614040048236 -3.982066768608163
0.5000000000 15.171376307618344 -5.3301105701038303 15.171492166737746 -5.3297208477222782
0.5050000000 13.389615455766691 -6.7231601423573899 13.389619807001473 -6.7229542378764373
0.5100000000 11.623130593020818 -7.7112566022924538 11.62315353683255 -7.7112389569082858
0.5150000000 8.8017772832571399 -8.6029191931413429 8.8020558097819137 -8.6029327434676865
0.5200000000 6.3064802821154302 -9.3765196394559638 6.3060783701989696 -9.376538961815605
0.5250000000 3.5534072233050993 -9.6206569446348187 3.5537886088409971 -9.6203866438012842
0.5300000000 0.22331836106373898 -9.8443862766940118 0.2240232559486236 -9.8446236879387552
0.5350000000 -2.3664708369015668 -9.740278822366351 -2.3663951002112595 -9.740282375175747
0.5400000000 -5.3226605435253651 -9.214200698753265 -5.322881284195069 -9.2143226664038291
0.5450000000 -8.275179791019788 -8.6680099699944506 -8.2744870771900008 -8.6681783940134522
0.5500000000 -10.276368512619063 -7.743382163487639 -10.275967459475087 -7.7437094491448093
0.5550000000 -12.699392271198295 -6.5514099173499467 -12.698169907247966 -6.5514029310234854
0.5600000000 -14.422256040596832 -5.4512800463840838 -14.421674842214562 -5.4510897300015602
0.5650000000 -15.342762413816013 -3.8870207621587687 -15.342420123851149 -3.8869091916458927
0.5700000000 -16.651492769173299 -2.4177203134479326 -16.650398337206589 -2.4178921153674571
0.5750000000 -16.651516360847054 -0.9904425261278863 -16.650666985083213 -0.99045218353799513
0.5800000000 -16.419303442232501 0.75036331710005832 -16.419402619663128 0.75049660679915309
0.5850000000 -16.238225079633562 2.1379993362694276 -16.238730206680145 2.1380679632473849
0.5900000000 -14.585653076825356 3.5347082024183707 -14.586044490696789 3.5348015201942093
0.5950000000 -13.348482561746266 4.9990087101171099 -13.349022419988755 4.9991751393411752
0.6000000000 -11.595373932298916 5.9360577305951328 -11.596124460323072 5.936005933773421
0.6050000000 -8.8624030450633811 7.0461182706800018 -8.8628454443447318 7.0457389013512675
0.6100000000 -6.9444133208551637 7.8145222572823192 -6.9440957263781815 7.8144357898570238
0.6150000000 -3.9970111449095551 8.1651088833639278 -3.9985213243450297 8.164862245366372
0.6200000000 -1.0361143465554643 8.6583462139936955 -1.0363865342488103 8.6582768226767968
0.6250000000 1.227744232734107 8.5764806420687414 1.2279943289154591 8.5763533644251861
0.6300000000 4.604314726403528 8.2860395271574099 4.6042025131633517 8.2860755260888386
0.6350000000 7.0703382995099382 7.9926709589581879 7.070298742594483 7.9927768147026219
0.6400000000 9.3579038691469236 7.0884191497547908 9.3583254474586077 7.088402148685522
0.6450000000 12.196421356641276 6.2849574759713533 12.19618818593981 6.2853949679616443
0.6500000000 13.662781205789344 5.2141142185208169 13.662401406482726 5.2144699936884829
0.6550000000 15.455491169938423 3.7728177526456772 15.455258973310004 3.7730977324225927
0.6600000000 16.898105409904321 2.5488437274546558 16.897871116377573 2.5490584137170429
0.6650000000 17.096660990487571 0.99203019443818818 17.096414863611606 0.99251019984227429
0.6700000000 17.855161649333919 -0.64647401378753289 17.855063204588156 -0.64619842892566903
0.6750000000 17.508238961532118 -2.0321395499826109 17.508389882612384 -2.0318157426974945
0.6800000000 16.513714449626484 -3.6919777853944979 16.513517451502143 -3.6915686448989464
0.6850000000 15.834042733990623 -5.0672013993883249 15.833831132840814 -5.0670143003620094
0.6900000000 13.850424066698764 -6.3074593375768533 13.850606871153261 -6.3072138673192049
0.6950000000 11.846248166836959 -7.5836776842290092 11.846517596600002 -7.5834216172488151
0.7000000000 9.7971179566419995 -8.4138983876437834 9.7975989411019935 -8.4137877361068139
0.7050000000 6.7022823847686785 -9.1200572951823098 6.703099940464317 -9.1198212180126816
0.7100000000 4.1543071757492482 -9.7082294307687533 4.154603118308672 -9.7086207318871658
0.7150000000 1.2819602219968269 -9.7433099012241478 1.2831011782486614 -9.7430694351640081
0.7200000000 -2.0726750933991256 -9.7534899546256231 -2.0723052646157929 -9.7535913993789762
0.7250000000 -4.5371413966532934 -9.4366426530889687 -4.5368490264248731 -9.4364931866521005
0.7300000000 -7.4519502698339286 -8.7161696756088993 -7.4518653350867972 -8.7160448825433487
0.7350000000 -10.149367250336496 -7.9951786243131675 -10.148714860692719 -7.9950123934423214
0.7400000000 -11.873369866375377 -6.8954053272453688 -11.873551233040859 -6.8952778577628377
0.7450000000 -14.090116997956233 -5.5762207970097633 -14.089984179532278 -5.5761131727510183
0.7500000000 -15.37570455916185 -4.369308124352596 -15.375507392877767 -4.3691738788444363
0.7550000000 -15.98667201863233 -2.7189782766139925 -15.98693700826605 -2.7187912164192984
0.7600000000 -16.975545815315968 -1.2160475120048528 -16.975352505801805 -1.2163094928093792
0.7650000000 -16.49470017851997 0.22288524724629907 -16.495275018326808 0.2226536244183896
0.7700000000 -15.993167579395717 1.9251485317048367 -15.993165173160143 1.9251874524326713
0.7750000000 -15.385603578516449 3.2438574795537076 -15.387400280007403 3.2437635448000908
0.7800000000 -13.348297095611121 4.5723882867606278 -13.348740520856996 4.5720745715241593
0.7850000000 -11.93956873028799 5.9058042262844284 -11.940010189105323 5.9057075788600333
0.7900000000 -9.7996206322898995 6.7001749888608444 -9.8003022627747267 6.6999588755077308
0.7950000000 -6.9252008762785042 7.6671456530423745 -6.9256541924230115 7.666784814460927
0.8000000000 -4.9351222045769436 8.2478305586231659 -4.9351033427638207 8.2477041453412685
0.8050000000 -1.7631973615777896 8.4093407370835163 -1.763289957311253 8.4093333252069478
0.8100000000 1.1242372078662664 8.7022753914213435 1.1229027763457411 8.7022234779825673
0.8150000000 3.4365408151482542 8.4145888827352877 3.4363064157622465 8.414581129320748
0.8200000000 6.8006034000507185 7.9542098453232875 6.7996929870351188 7.9545960348460421
0.8250000000 9.0151704429151689 7.476952779665476 9.0149322050886393 7.4777570523271217
0.8300000000 11.259548128680301 6.3916259546232297 11.258706621316639 6.3920762264441118
0.8350000000 13.803603504405853 5.4560923407185093 13.803571289787735 5.4566516626668466
0.8400000000 14.90777915936485 4.2531292862788721 14.906952104682592 4.2534363829732262
0.8450000000 16.508383059648761 2.6973487109310113 16.507606840124605 2.6975460595690244
0.8500000000 17.502576793656896 1.3988842902398733 17.501629105848426 1.39888770865699
0.8550000000 17.373448997470778 -0.20556267796793937 17.372685270826558 -0.20501043882490802
0.8600000000 17.81009471917066 -1.8416207223389147 17.809834188641897 -1.8408927477145818
0.8650000000 16.988693394527633 -3.1977777364853419 16.988545722596612 -3.1972754154803993
0.8700000000 15.726144231402575 -4.8127511914271395 15.726545230785442 -4.8124392263940612
0.8750000000 14.657762439242568 -6.0822655335376599 14.658023133721834 -6.0817885795841411
0.8800000000 12.290499151943747 -7.1987146035673089 12.292053920646353 -7.1981443407605177
0.8850000000 10.118381046645398 -8.3350442497184538 10.118252851838463 -8.3346043488345014
0.8900000000 7.7825234190180064 -8.9858479539904579 7.7835805569377614 -8.985748774331574
0.8950000000 4.5326660813487063 -9.4980433683594025 4.5324409015911007 -9.497514434322941
0.9000000000 1.9399667366466757 -9.8772161499150517 1.9411229905643481 -9.8770829722323441
0.9050000000 -1.0332408621944662 -9.7056702474709695 -1.0328259247189726 -9.7054487414003603
0.9100000000 -4.2851483303733815 -9.5125067598020259 -4.2843718085260196 -9.5124819483741163
0.9150000000 -6.6217320634244849 -8.9872276943252114 -6.6216026302163673 -8.9869929492659324
0.9200000000 -9.4310905565490781 -8.089527770402464 -9.4311684032965779 -8.0894745198447833
0.9250000000 -11.791958813480923 -7.2010879914168386 -11.79165877208872 -7.2010755878016566
0.9300000000 -13.274150735008222 -5.948092730543876 -13.27383447061761 -5.9477217557698605
0.9350000000 -15.212489544560215 -4.5171015165785962 -15.212696037924067 -4.5170709556629403
0.9400000000 -16.064910322889489 -3.2254299695045474 -16.064975801359239 -3.2255862763384169
0.9450000000 -16.398778492297282 -1.5353847323107626 -16.398280683834521 -1.5355435293251154
0.9500000000 -16.955918688036373 -0.020360862281661569 -16.956626524222472 -0.020474532334131067
0.9550000000 -16.041970334816487 1.4058058871285948 -16.043138739591871 1.4056117954515954
0.9600000000 -15.285188430272035 3.0411221897552472 -15.284937671332317 3.0410102627143574
0.9650000000 -14.213313228962189 4.2779085824228753 -14.214412267465962 4.2777268909474166
0.9700000000 -11.921038806402338 5.514890725855218 -11.921449383103546 5.5146815375601514
0.9750000000 -10.330878364904823 6.7033969395448336 -10.331690444086549 6.7033511727037052
0.9800000000 -7.8596869305185759 7.3370272655508462 -7.8605400386668789 7.3371588107153833
0.9850000000 -4.9364886615633079 8.1283718437427357 -4.937459692348261 8.1286107799954816
0.9900000000 -2.788977682999624 8.5137409857668622 -2.7903783135855047 8.5141236660411508
0.9950000000 0.5086226212700925 8.4931769562704122 0.50785106124070611 8.4936075079955629
1.0000000000 3.2727579186998326 8.5848600831104935 3.2713338180855049 8.5854152669559998
1.0050000000 5.6666601210980643 8.0963272159879622 5.6655402917520563 8.0967528203548191
1.0100000000 8.8682544775096765 7.4782762476962077 8.8678021985299154 7.478908577305261
1.0150000000 10.822611768326444 6.822995770463125 10.821643995812261 6.8236161435656406
1.0200000000 12.972342567517844 5.56916563415135 12.971652119310992 5.5698163396788338
1.0250000000 15.128926086079861 4.5078508115752403 15.129132014717484 4.5086023491912544
1.0300000000 15.95572250573937 3.18496111609188 15.954646590239886 3.1854813167970404
1.0350000000 17.287527201685599 1.5575873443299866 17.287122002393936 1.558256765021107
1.0400000000 17.811917297470782 0.20946110545660737 17.811689772172677 0.21007093982363578
1.0450000000 17.420167481909672 -1.4251745242419549 17.420039903445428 -1.4244144663708695
1.0500000000 17.437671147647649 -3.0227141668274244 17.437585306026779 -3.0219387686099775
1.0550000000 16.173650792511111 -4.3312467960417225 16.173844876430344 -4.3305456165127501
1.0600000000 14.667277478899118 -5.8741120637928388 14.667383074420666 -5.8734930342653975
1.0650000000 13.187285684686872 -7.0158735627256634 13.188808657449021 -7.0151480060478173
1.0700000000 10.548122592283743 -7.988175656493671 10.549365711378803 -7.9875730801743128
1.0750000000 8.2028856322700499 -8.9495234723792567 8.2029943705009511 -8.9488713671339539
1.0800000000 5.6027671442196025 -9.4142072148521905 5.6026472658052944 -9.4140162337971933
1.0850000000 2.3128281109321658 -9.7254088246793824 2.3126606769666429 -9.7252051129414365
1.0900000000 -0.33220031400970523 -9.8906970045330826 -0.3308330574241693 -9.8905168884491523
1.0950000000 -3.3305772702339116 -9.5208252325823697 -3.3306796807100931 -9.5209246794275799
1.1000000000 -6.3874647434681568 -9.1237370965789246 -6.3865399840459807 -9.1238004508542989
1.1050000000 -8.6089314283993428 -8.4027699086271443 -8.6076174872934068 -8.402628416196583
1.1100000000 -11.217416958299095 -7.3286408123277873 -11.217382978615404 -7.3285611645687672
1.1150000000 -13.240382994368948 -6.2895555572113562 -13.240337371597361 -6.2895918952635412
1.1200000000 -14.501530788547557 -4.922681549411311 -14.501040629980633 -4.9224267838330249
1.1250000000 -16.045874528741894 -3.3929200820773069 -16.046266520842423 -3.3930492917277872
1.1300000000 -16.495027468047812 -2.0522243506856119 -16.495408335829104 -2.0522236694007141
1.1350000000 -16.528991749755949 -0.35468287177983215 -16.529506375886303 -0.35487686569960614
1.1400000000 -16.593215853228287 1.1567168538864923 -16.593548217895972 1.1566837046316449
1.1450000000 -15.355135064244957 2.5429638551983076 -15.356017711886812 2.5426673437064569
1.1500000000 -14.315472895785724 4.1037503532566637 -14.31583818443352 4.1034363575250961
1.1550000000 -12.830446344599787 5.2295879988867853 -12.831448291168543 5.2296104934138894
1.1600000000 -10.384381432880629 6.3356778746185478 -10.385223328428191 6.3359714931075768
1.1650000000 -8.5268162657695949 7.3742068025259098 -8.5276341710581889 7.3746144205942565
1.1700000000 -5.8223109789919221 7.8294802042010696 -5.8231102284784519 7.8296677645470236
1.1750000000 -2.8819069415358447 8.4313849085236559 -2.8834875320021816 8.4316640365874882
1.1800000000 -0.53288612331571306 8.6232293039685466 -0.53429863710267 8.6234799688851265
1.1850000000 2.7345883495630301 8.4248879437430801 2.7340202797198589 8.4254547326642939
1.1900000000 5.3791021546992637 8.3230464393817734 5.3779563388285201 8.3236139157281634
1.1950000000 7.7936113945849383 7.6332632266754192 7.7935061730848858 7.634057376892974
1.2000000000 10.711709434368302 6.8534378110441185 10.711712396866197 6.8543721145529508
1.2050000000 12.480905745522865 6.0342135588984229 12.480295802146882 6.0348951385305947
1.2100000000 14.439746883710354 4.6375893828650687 14.439051081651714 4.6383044735686214
1.2150000000 16.186217923406659 3.4641956616172203 16.186037870947459 3.46521290135074
1.2200000000 16.798557690780278 2.0421259785604287 16.797846400791695 2.0429483160848787
1.2250000000 17.73831912714186 0.37812815695132035 17.737534042645063 0.37896731544263007
1.2300000000 17.820570632403051 -0.99898031917432972 17.821116132429339 -0.998157702639341
1.2350000000 17.166583746141747 -2.6407106820732782 17.166426721914828 -2.6396901140416413
1.2400000000 16.701316958146066 -4.1769392004654593 16.70220915667883 -4.1761129924998643
1.2450000000 15.101285572816984 -5.4096388345465867 15.101286585226653 -5.4091063541993814
1.2500000000 13.323950678189254 -6.8414819748929974 13.325100363101237 -6.8409648148347406
1.2550000000 11.453337131768954 -7.8403768453839158 11.453864944944209 -7.8398035489530242
1.2600000000 8.6492755251857627 -8.6489523769327921 8.6507141886450718 -8.6485125973485353
1.2650000000 6.0906434529973952 -9.4181178100282175 6.0915551619477224 -9.4176139031610262
1.2700000000 3.3116851240161114 -9.6948373192348587 3.3126614308754232 -9.6948294981836813
1.2750000000 0.067888144167145989 -9.799606102303251 0.069235794481417964 -9.7996333674078038
1.2800000000 -2.6329124956657153 -9.7517228505022597 -2.6312730348328128 -9.7517573310832635
1.2850000000 -5.533576535903495 -9.1724364969161396 -5.5326948329746219 -9.1724494197284958
1.2900000000 -8.390342328493265 -8.5781627208884395 -8.3897740855380523 -8.5780578917343249
1.2950000000 -10.498995271114465 -7.6842577677471029 -10.497110334496208 -7.6839345850911744
1.3000000000 -12.786255815385934 -6.4388140352674226 -12.786680349280996 -6.4386660361899999
1.3050000000 -14.504082523435864 -5.2850177833548351 -14.503599246045241 -5.2851587964563116
1.3100000000 -15.484444048159075 -3.833536940386264 -15.484901379957874 -3.8337320097564707
1.3150000000 -16.555785486477305 -2.22703219560045 -16.555603958409076 -2.2274802001300631
1.3200000000 -16.68127885866765 -0.86501912576336959 -16.682265747956762 -0.86512721423105376
1.3250000000 -16.347478181249276 0.83562996870974815 -16.348023782620686 0.83527563135832383
1.3300000000 -15.969763302154043 2.3065682838882542 -15.970476261071385 2.3062945394437522
1.3350000000 -14.498819089843431 3.6202569225806891 -14.499785805499348 3.619660734535477
1.3400000000 -13.086022997440571 5.0987811247139305 -13.086849927862881 5.0982988458622263
1.3450000000 -11.292329185015515 6.0771889272801998 -11.293165484964227 6.0772290047573057
1.3500000000 -8.6987423875340308 7.0322185239485258 -8.7001550070726754 7.0320910122655835
1.3550000000 -6.5290551725516677 7.9111185140568745 -6.5305649171098619 7.9114566840238059
1.3600000000 -3.7448445198815148 8.1833684445278294 -3.745566011268576 8.1835380019695521
1.3650000000 -0.75382205621230436 8.6028135384195572 -0.75588352334683495 8.6032756133206583
1.3700000000 1.724255497590619 8.5847585118672054 1.7234448130595228 8.5851068721538137
1.3750000000 4.8273981569975257 8.2051761628565227 4.8264779705919212 8.2058771501527197
1.3800000000 7.428933845908829 7.9203214181112322 7.4274913617894747 7.9209709082625706
1.3850000000 9.7417176694987262 7.034593441864919 9.7409779891041843 7.0354357466538691
1.3900000000 12.354791289571246 6.101147743818971 12.353611385877217 6.1020393123369088
1.3950000000 13.99231628823485 5.1324880497584742 13.991365113492654 5.1333800448235154
1.4000000000 15.615633676209788 3.6243013695858597 15.614920120740766 3.6252320873362174
1.4050000000 16.997948123062425 2.358532591893808 16.997545059462318 2.3594217482305671
1.4100000000 17.362227470246712 0.84942427656096742 17.361899345459683 0.85030793202975763
1.4150000000 17.811697552115465 -0.82499689657116948 17.810614635059064 -0.82415255152430578
1.4200000000 17.553833084788732 -2.2031122937601202 17.553986634142291 -2.202091540508512
1.4250000000 16.58238166315688 -3.8169567735238101 16.583273022201414 -3.8158221499311415
1.4300000000 15.648508879262478 -5.2685230881219507 15.649272109074408 -5.2677807554290181
1.4350000000 13.803741750229845 -6.3999541921140608 13.804895017520337 -6.3992909188965053
1.4400000000 11.682999707291014 -7.6906868378528062 11.685188164599674 -7.6900502251345744
1.4450000000 9.5164076412889198 -8.5364365488578304 9.5176123158047279 -8.5357375615644848
1.4500000000 6.6038349134403882 -9.1735997111964878 6.6054903740565702 -9.1730508835606521
1.4550000000 3.8155031261216319 -9.7377190967921905 3.8165636873597522 -9.737178679552752
1.4600000000 1.0077303779641826 -9.8099198561245391 1.0092134733505043 -9.8095681311281826
1.4650000000 -2.1865238080552771 -9.7035878412631611 -2.1848346666453389 -9.7033449158298861
1.4700000000 -4.918751826131146 -9.4445456956163039 -4.9177008708154659 -9.4443212564173038
1.4750000000 -7.6065379315821895 -8.6539447043652018 -7.6057247290588483 -8.6538880360356636
1.4800000000 -10.304137136674633 -7.8857520663546756 -10.303166073085809 -7.8858605047266268
1.4850000000 -12.201291535104589 -6.8411022843984775 -12.200507869638948 -6.8412654270352196
1.4900000000 -14.094483702194017 -5.4490445116474602 -14.094157285443565 -5.4491998585684591
1.4950000000 -15.554214954695249 -4.2048510243631165 -15.554748201272201 -4.2053604096959241
1.5000000000 -16.138630298955995 -2.6764356329623067 -16.138182831985919 -2.6769430941062788
